-0.0606963 0.466279 0.590737 0.253771 -0.0543847 -0.0110073
-0.0606744 0.466448 0.563485 0.28228 -0.0556912 -0.0110513
-0.0266064 0.466527 0.561144 0.286309 -0.0216106 -0.010659
-0.0212495 0.466415 0.587769 0.259174 -0.015067 -0.0105362
0.0132888 0.466557 0.590289 0.25712 0.0195955 -0.01065
0.0188062 0.466434 0.56354 0.284391 0.0241344 -0.0101227
0.0530111 0.466527 0.561196 0.287009 0.0584561 -0.00981667
0.0587091 0.466435 0.587924 0.259409 0.0651726 -0.00959961
0.0926737 0.466566 0.590288 0.255516 0.0989272 -0.00986523
0.0987297 0.466477 0.563784 0.282704 0.104252 -0.00925984
-0.0519842 0.468015 0.589444 0.255759 -0.0458514 -0.0126207
-0.0519575 0.468133 0.562256 0.28397 -0.0470094 -0.0126758
-0.0277677 0.468191 0.559999 0.287663 -0.0229084 -0.0123536
-0.0225153 0.468178 0.586407 0.260502 -0.0164505 -0.0122315
0.00213973 0.468235 0.58885 0.258589 0.00831964 -0.0124325
0.00747705 0.468138 0.562295 0.28572 0.0126355 -0.0119357
0.0319766 0.468165 0.560033 0.288043 0.037192 -0.0116303
0.0374491 0.468122 0.586587 0.261018 0.043809 -0.0115024
0.0619215 0.468187 0.588886 0.258297 0.0682096 -0.0116896
0.0674479 0.468142 0.562494 0.285391 0.0729316 -0.011209
