-0.0632524 0.444202 0.395659 0.445691 -0.0676364 0.00295323
-0.0632349 0.444384 0.347051 0.495906 -0.0687988 0.00359813
-0.0365513 0.44438 0.345818 0.498619 -0.0420429 0.00407822
-0.0332779 0.444385 0.394262 0.448662 -0.0376541 0.00330825
-0.00671056 0.444356 0.395528 0.448163 -0.0108381 0.00377277
-0.00326419 0.444362 0.34712 0.497951 -0.00823311 0.00472807
0.0229825 0.444382 0.345931 0.498157 0.0181564 0.00511294
0.0267622 0.444347 0.394337 0.448949 0.0230016 0.00436191
0.0525572 0.444402 0.395476 0.44792 0.0489947 0.00476281
0.0567273 0.444377 0.34713 0.497927 0.0522167 0.00569506
-0.0603945 0.444936 0.394577 0.446361 -0.0646639 0.00225882
-0.0603718 0.445052 0.335298 0.508384 -0.0662451 0.00314956
-0.0135703 0.44522 0.334664 0.510233 -0.018802 0.00386232
-0.0103844 0.445082 0.393734 0.44977 -0.0145754 0.00302322
0.0400896 0.444922 0.394577 0.448777 0.0364376 0.00398389
0.0397031 0.445032 0.335385 0.509377 0.0347772 0.00489522
0.0881336 0.445067 0.334607 0.510588 0.0834106 0.00574893
0.0897101 0.445002 0.394066 0.450242 0.0864087 0.00467472
0.136804 0.445167 0.394599 0.448715 0.133659 0.00515841
0.139663 0.444974 0.33483 0.510046 0.135275 0.00659656
-0.0569874 0.446209 0.393649 0.448188 -0.0613953 0.00106282
-0.0569059 0.446487 0.325443 0.518528 -0.0630044 0.00191563
-0.0123151 0.446239 0.323646 0.5218 -0.0178237 0.00306891
-0.0118598 0.446512 0.391954 0.45202 -0.0161241 0.00156492
0.0319456 0.446294 0.393632 0.449878 0.0283043 0.0025068
0.0331493 0.446479 0.325413 0.519765 0.0280344 0.00351627
0.0755849 0.446396 0.323772 0.522346 0.0707344 0.00436714
0.0781977 0.446463 0.391973 0.452068 0.0748139 0.00310763
0.118946 0.446505 0.393599 0.450042 0.115662 0.00356641
0.123116 0.446423 0.325401 0.521092 0.118628 0.00506454
