-0.141691 0.210048 0.324756 0.757407 -0.119559 0.0183196
-0.14182 0.210107 0.295735 0.761614 -0.120323 -0.0108965
-0.113003 0.210136 0.294827 0.762224 -0.0913181 -0.0123261
-0.111918 0.210113 0.323449 0.757991 -0.0896776 0.0164703
-0.0852691 0.210273 0.324677 0.759448 -0.0630653 0.0173571
-0.0819925 0.210129 0.296195 0.766401 -0.0605978 -0.0116634
-0.0551634 0.210283 0.294945 0.76281 -0.0333445 -0.0130918
-0.0520109 0.210148 0.32314 0.76147 -0.0297769 0.0153134
-0.0236433 0.210209 0.324628 0.761263 -0.00106072 0.0164921
-0.0219313 0.210146 0.296419 0.765489 9.12254e-05 -0.0120632
-0.139612 0.210733 0.3245 0.758081 -0.117699 0.0178342
-0.139653 0.210747 0.28485 0.758925 -0.117734 -0.0218873
-0.0998687 0.21076 0.284507 0.761539 -0.0780841 -0.0229225
-0.0997427 0.210808 0.323505 0.758645 -0.0775925 0.0164002
-0.0624447 0.210978 0.324485 0.759418 -0.040156 0.0166575
-0.0598198 0.210822 0.285779 0.766463 -0.0382956 -0.0224767
-0.0223071 0.211011 0.284598 0.765959 -0.000309816 -0.0241431
-0.0198139 0.210864 0.323126 0.758434 0.00284423 0.014765
0.0182044 0.210933 0.32443 0.761649 0.0409266 0.0155767
0.0202436 0.210865 0.285948 0.76725 0.042675 -0.0232495
-0.137687 0.211566 0.324215 0.758129 -0.115903 0.0177128
-0.137723 0.211588 0.284611 0.76496 -0.116997 -0.0224529
-0.0907965 0.211869 0.284378 0.762263 -0.0692719 -0.023245
-0.0879012 0.211672 0.323005 0.75932 -0.0658198 0.0155403
-0.0408576 0.211931 0.32418 0.756283 -0.0184261 0.0160354
-0.0379034 0.21167 0.285559 0.763938 -0.016122 -0.0229224
0.0101783 0.211817 0.284273 0.766368 0.0324649 -0.0250147
0.0121548 0.211704 0.322903 0.761935 0.0346907 0.0142153
0.0607888 0.211727 0.324196 0.757607 0.0835039 0.0147322
0.0622052 0.2117 0.285542 0.763758 0.0847431 -0.0242356
